$ANSIBLE_VAULT;1.1;AES256
34633338343461643363343164376634363766383761643436633232373234323830333338376630
3832613463363631383536613233333339353830656465300a376230333338666136616365626434
34333632393938386231333362633631366331393162633431626533666230323735333464333432
3264643232613734320a666337303431646238666538343763663932333136616538663837636232
62626166616233646636353438383239633637373061336636306537656163353333653535343436
33636439333262623534366663633137383835343062356664316435613832633763373863633065
38666563313239663831646431346431336137363735383033623161356138313335653937366466
39353430373730316133376138313438626630303637646430666230663065633765646133623032
34346636326134356164316262373733623433386437366164666235306264343332366435636135
34656431323764333833386163323663386663313864616464336465663630633263353430383533
30653864616134643437636534353631303863343232393937303131613839366362353030356336
35333766363763383536323332353138333039323266383438353737393033366161383461653334
31353239656264383335383066656135396666663139363237373833383266313837633662333734
33333464353265353761386537616365643330383930616661373634646330353332663266333063
66373565396337366136356139326434343232613563303866653839623430613763303161353734
63303133306636373831393535613665366332623362663561643565643839666138316562393965
39666333626231643163343138323464323831643364396463313861316362623366663931323437
32613333616433653233653333383432323862616565653536313635643936366334633332356461
66323866343137333130643936616265383161316239343531306239313165636331316364326662
64326131336530313762343332636338643365323033383662346462306565313161663065663930
39666635333433393763303239613565383363366464313163306461633430376438383963366535
31396661623239323936336536623164613436636239616165653366383235366162333061613265
643136636162663835356464313735326635
