$ANSIBLE_VAULT;1.1;AES256
34613031616137313662633834623265373834383833386131316332343935343333353030333137
3965303531393031303163666233353662336534373232630a303535356365316231633862373230
61313632336264663032636663396239653437346164633833373639396535373934623034363266
3934636632613561390a636535616639303163636139323930336561313962656437663235653034
35633236323632626439623264616136393461363237353764396363393862366163313064303539
64383438356365396438643634663563653135373130396630356162356139356337306463323463
37343136313038346265633737336561343466646535313434323639646339343837373136313535
32653664663666363462663765656630656161316361346531633932346233313265303062646332
39363939626138386362653533393663353662643032323735646337666338393066663138306437
66306636343338386636623238323235613130326464356437346165333537333133373833633935
30646566303738333239316262363834313337353064613931323362653863386634393230613230
37613762313537303264646265366562373133363862313466323432353339613730326530663263
37323532646238616261366138353131626232323163396533383237383138663535313736306533
66336536633839626635386163363635373661623864303564646534623265633661656635383635
34643839383731336661343762336230356362363238663837336262353836303039653337373961
33393962366563373138663132313936663938386564666430383063613130656530346530396535
61643237636164366562636130326436333666303438616463353365666439643739623335653135
63626266396632303935393064373533393830616331376635613434316165646430343563313564
37326361383365363736646431393762336236386431333138353733323535326164343466353033
65373837666138376138623533633562326661353438623561396666383339623066343239623763
63626338346661326364323739333362616632366662333866616163396463653263613233353963
65306366636438623833343463326366326565333135353065376630343335663736393462343962
35623866336466303262373037303635313665323336323730363733323037366364396266366566
38326562316563323561393765613431386665303337623439383035323338643133643530643736
36303464323663383630376338316334303065396432313639646138393562383735326435653431
30366330346131323436303730646234636331333936353963633539343638393139393263373433
38316565323930363866336662653836306562623232363438353036386339356165336138306530
65333165653962356632316164316562373130616536633430373532333861316664643364663734
38643561653130323562616165636437646339393938343962623266633231656135653036336666
63306564663333643063613834353137623732353137613132613535323837656361323731363963
31656336613965346236646230393665363233396665396533333336666539366463643330326164
65323230363533313361383338313037633936656531376538313031666431346332613963643332
61346438303531663462303239636238376339366534333530356638326565383732373639646464
36636563353564643464633337313062396336346662616136656133623761636233333663396338
39383364656330333633366633333839386661646563333036623965376237623737313965313962
39303536663939333064623665353765373632313938653962333863326436333364323861303366
39663531653038396632613937393832613961633739346431663962636565306632313738313562
39633865663061306535663162666137656131666164383639343534333465383438613033646361
33303638353233633537663732373138383334363861616639313335646430383064653961376138
65303339373964653331383232346338646263393361666532316535663632373136366363396438
38663032636638643766306264656430393764633638323439313737663730666363373462633230
61316431323931663930363735633632613832393733666131336463653234666132373161306337
66663261343265383566616230636531663039623038313565326230646432663838626462353932
30646530363332373733303332623062313466353362653066623037623537333565373061393734
62613634313839616635363831353933356631393037353032653039393535316433346533663261
65643265353630396339323737313732633233663634333237396365626466393334316634323465
64373766643331653133663431306531663164313937646635613035316233656432323034383661
31346130613033323133656230656431323933366261386632646362316539646630396238343138
38623438366434386465646536396661643462656662666332613432666237646335626265393135
66323237363865356130343064313463346364376138636337376562346237303938646133653564
63643464333633643866653136643632393432633830363733323836326333376464646436653863
35323133636532623535363134313363386262646263363530613736323962323666326365656564
63316238366333356634636465653532383664636361656163343338363739633366646435363734
34373262396163643532316462373239363438633433663632626561303366376438306366666438
63373134326364383534313061376436366366383563343766356134333733393661653265613036
30376330393839363637356135303266376631396332383963366163343762613436333561336332
35303162616236633536343032386361333339316265623761383836383839393364386431326334
37646334366137393632303061653963306130383765323032383065343038393934366630303563
30366438383566376136643462326162333039363339663461396330393762303063646631393134
38643933613164356237386662323735666465326432653465633963373235393337353264653632
37386634663166633536383836366139663139633635383161646265353039653438323166306238
33336333623764306361616362356165363863613533396163613638356162616265656534623766
63353535383334333365363761303666303465663631633066623366386639636231616236623537
61656461326437643238303038373831666334333265353538666131666133626436353835373565
31363162646230303364393963383964666139613562326239666232396330613763323061343732
62613866333333393937616637636232666436613336643637343364376334626632643534663865
33363437656236353761623031373237336561323135316132643965653066366631386266303137
35666666353039383863323165356662313439663437663831626430346239623764373065386635
38356461333236626131306235333732303038396162646335343961383265636262333235643136
65633766303336396435393039383136613636373462366662663265623537663065393736326165
37383531316636646335333132383562656566323065396366633936316234383839313730356335
63373238353038656439633737613739383535313331633337313665633261646637386333323234
62333662626233313162306131373965363534336266373762623161383935643830643734616264
37653265626535373866616164343031626339396638333462643732313733633734363033333339
34653965343264353139363661626434326633353836303138373831376566313935666365316361
32343337303433303033313532663066313437363561613535333736616433626263323464666236
63643465383064663662663365653930326138663436656664663535363335323965313164306238
37316265343466313738363361666166396162363736323132386533393264333839613965643839
35393632303430623864663735356261323737623435386531303261393836373537343634333463
33623164316334633232356238616664353739663133386439306261373330636538396435613239
39643732353934626333313434656561323264326166336535613530316130633230633136356438
65363363353632353139373239373536363639376465366361386439366136323635343662646562
31393131653038326330386361343630633337656435396563316531646566376266333031313766
64623136396465353032363233323466303335653466396262323163326131346439653437646130
61623563373164356461623065353833666363303162343337626364343731656631313439363661
35333135373366346137333637643965353761376339663536353137653436366334636633393938
32383230323361376437323237613237333437313339346231373232623866323732646436643631
63646539646432656366653033666165643837353639653431633361393639656233616531306264
62383364303931613837336336613630313336316333383135396133346637373163366365363738
31613338306134323239666332396434656365626630346536393134316439656366313237363065
35303761323131323537306661663163653335303439313939643639366537333463383034383736
30356137373732396565353637653363376139343338613232313338363462396262356635653536
37366131343261376366383564346134306430383864386439383235623965353731643837643531
38623137636362333663376433313633393938366232343433323862306565623039613764333031
36666163323965323161663435663566633062396432373663346234633835373130633530333863
36356636643938303765623663633534663533313636326266306333393132316665353133343533
61373435373762643130633330373132306565653133643232306132386233343165393931353966
65373238666631326431653339626339346337626437663662373861396430633534623962353436
65633033366238663863613637366463336432343765636565313238376363323561323939663765
62386232656434643630373238653635646466393534626633396434616137353832363763323262
34383865643738653363383165303338653735393835373134326365636263653033656136386239
62313739383431353836323533646464363364613462386564656530663135373835623837626438
38313366393533313566306561613432626263313262643130306164653361303839643666613034
61663232363661633336333330336534646536646636373461386232313636396161643336343261
31366436633033633364386364653739343437373733633738323263323035653062323664316533
30306330633631633565323461373738636230376536386465303965356234383962383665633837
38656430336530623531363535306661303939313134336535643132313133376161616331333363
63393139626239393666663632656639633863363261306230623232613532306261323037306563
31373165393532336133623930363462393534396461633034326663313535313137393832313730
33376432633634323430313737613764623537386662653731383938306264313138366633373264
61613137366531356636633262343634353438303535343964633065306131643464303538333361
62326435356564343230366333366666383364633666373338613934363733663732366165363831
30363339643630346261376162613831326432303239626363666565313061393339613836366338
30623165653636633962313864663364373733386263316334386136343863366137323861316463
65386161383131633163386163656130373035623739613861353939393766323865663633643635
63346461653239366161646638376532326535393832646537636130336262653833653836623833
36343636663031626334626164393565626166366330373263666537393561363531306164623430
66626436396630346562396562313864633535643131623663316665643662386537653961383062
37666563393138666530323139343862313163666263653331636637383435383130393363323763
65326561316239313762306530663336636661363634633335316631653266393962353562623732
30643733383139666663643237633165333664663234373937396664333765656338383630336462
36666535343836643434646338356564306166643263646434316535616366383733346434373433
31653030396231356262616239323435623733613839323936333665656534313335653934333062
65626665613932383361353436613536336630383139656531343562356233323031616136336232
65366430356536333638626538386661633336333561376437343336353236386330623564356666
32396661383235663832333731626337313066366136656331383832343934336164306261313362
34303765303661653832626138323135666333383337623034623064356433616564376332323862
62626661643935353061333165326133316432346338663266646466373961343639333366633232
62353937396139356433303439653062303561326630656239333632316437356164646637373131
66383266363535303138386336643663343730366530353837323231313037393931306236663561
30326561393334356635366637646632373861666139343533653134653438313533303663393032
34653235356665656434346538336639613030376566623061336263303334396166656665396330
33323331336539346233303437663436633037636565373132346365363164313130393631336566
32393261623533643566313564373139653961376431383364646235353531343835616466656131
63363234653862626531363334336134323165386435333862653037613064613638333136663333
31373562386364653361346466653738373434636264623535633031623230373638666539376237
30353832656134313735323362343737303732623436653731613639343561363565663236366264
38306161656665356338336666343833376464633837316662396263363834663038336134386463
34626533356235366130313836326161643139613632656564343065383639353739333438663364
36393335643430636430333132636630333265366331313132303133653666643430333930613031
35373861313438623034363366323538376136643435333034303766633563363139626336326163
31623565353338616161336631386637303366663337316466383166303266323633333632616438
33393136373066656636363534346563623538623034646265373833656166616632313435343134
66643764653839353031633266653964643030663436633131623362613334316439666335323366
62363663633034653163633439303936383031373334663261393861393130316566613733633166
32393238393735353935613430376535373462623065623063393934623438343033613465336431
63383665356666643565376364386433353930396633333262353861333037633037386165643364
65633361386333363261613161636137653763653339303565363839333839363365663236316131
62393763613866653036306332333361356235653632653733376632663561393463356233303761
33373437643538313038333138313537633933343764663435383834383263343931626539303939
39376232663034323666373865333763393033626430316235346232393764643965353562366430
65343132303062396661346332653737326632313530393436636463663630323064366137383039
35303834663937623062643833623236323563646437646466303936323935373239636236363761
61653133353834666363636434666632633934363635666434303565386436666435353231306161
63306564383335626265363463663534633062353134353236366531666161613039333831366566
64633737623834376164353564626435326664623730343132333432666135626663333932643638
39363466326137396262373235336139646364396332363263393135643035343362343762363138
62623136376430333933666562616263636639623239393232613464303930643934326539323736
35656332613264336438633935376565656637313662333037323736356132656336653862616434
63613531353536383338626565613336353234613363653033303263666565663762326134306333
30353038626537333635633334643334666266656337376431383130383561626566306435316632
37363262396338323434306135663432346630623736666665386230663165653035633863353433
34623261303964663462373761353264623231396664623931353233383266313066653137366631
38616336633066303739343334306663313964393439316636653433356537613832643737333839
36313161666163346339316439383864666164393064646330623066656634616437633462363964
36376230613938656134626234393361326366613437623039653335303637633666636636393262
31613562643830303331336138663463363939636234356535333935336631666337613532653639
63336531636137616338643233303666333366623239656162626566623133386336363961356331
30646233343933393662643466616237646431643134626639623465383964303966643132393332
65366339633833326434373532313731343565333430646164663938313833613032316635343563
35393536326662613833646437346338623261333438316164366535383934643439613338306465
35383334653832623931633039316262306235666466326537666533333739313035386663353834
35663837363130656235616234313634313063363361346364643135333939656362616166333966
61646663346365353965386634393439386333396236353663613432346338343439663534623535
33343862376537303431333130393139623636386630646231363331303863316661663139306638
39663938373061393134346232636530353339323238326432313666303663366666356463323066
61316430353663376334303665316236373935303965313432383531373437353732326434323636
31343562646266636435313935356336363034386338643236323130363166613762653662396538
66613432333438356264633638346361623831353437333633323431343865653433386365386631
36663338353739626361323130646634303134383539313061343334363630656561643936633136
38326339386162353138366438313930643234383732303665323137366237313433366163346338
30643831646238326464646336626538623932303066393338666630313361623031333136313365
65386335373964396565333530383439653837373737313764653332393831333938616462663332
38353964303264376538326236366333666134643132663439306463373966643035353437376130
34326661353335623534636164666261616436353466666564623365323437613262653234356333
39363834303665386263363238623730306530356466363433373761386164336539633162663738
32313433626537366664343664333336623565643664623933393138663637376265333961646263
61633230333132333134656231343765633333306131343831336630633230336631386561383437
31663165303030346564393864663362613265666432623766633233643461316335646433353063
35323764356338373334336434666334356564343462623833633439623138336164663263353034
33666139366636343465303862653332326564623462633164353762396666323039326461633666
35636630393638646538613138656437353263386163613838646237363036356165626639303865
39616462666635313230303931633035313436646635383833363166666565643539366165383035
65313265383233646362383561323838623066383663633639363161346666353464343264383764
63326661353932373032653032306430643865386561313235633636633763393632656134313934
65366361386565636666623361313835373261666633643162393732323266663837303039653461
65616138313832623430633966393736353038636530303663366631353330393964333139343661
31373134346132333734333337393731363031343031316335353437643530363236663963393833
61383664386433656564656638396439643666376230623231623330306163313139613130633636
34323530323433303032643534633562613037363332636262326331663831393764643566623866
39653530333863636634656232306261303033663834343464616563303339396264326239383261
62663665613234336465353139353339383533376366346432386138363331663633626466393533
32393738393966643462613330343262356364313666396535333132316336306232626237666638
62646432386266656666646330336463353062646430353462393264393831643464663936343032
62393531366363666135383535303236373466626266643734633366343366373636326535363164
33326664323762376338646639313465353166323261303236343631353637306164656534373861
66353334613331333461333139323031356334346133353462396264353962316230343366633566
30613765336166373832313065333636386430363865303037313837356239373361643065303732
65633035343834623962653837623266313866616365663035353032366230646130666662616665
30366464633636643332373666353662383163616637316166366530353832396663336562393737
61303133393036313836633366323062366237316265653562376234313931386337353539386632
62373732393164643061363136626231333033306161376563323536326438373939326334393730
62376238316263646631366438613064303935646235636663306361353061336266393538376337
61343133653463643934613866323631376330653634303630303864306265306533326235623439
34613731313365373137616237366664353033323436376437323234333432353330626530363239
66386331303061313365353562636337393565633030336139636365306661306262643437383335
34366538346539643137376234633765636566306234636435666430653933393834623639623763
37666433626662623931303238663462316365343736393565313736646565313836663835343462
65353932353139353833356239393630376664323061383061306566316633373338313565303335
35313139613536613663623037336539373966333635323835326462376237306665316361313433
31656165363461343336623861306463356535303032656239303261316631663664616236326431
37353064326237353038346135323331363265346436353762653964323937306331333465346338
65393537643830656566386461613362326462623736313538386535616365653732393734643231
62346266303838366563386361376335383230376566336232383161616633613537336532343265
30336333653430636330633462393766353761323163363034643337653866356166653135613637
38376562356236393239633338316637306234373037363861393138343238663565633537666335
64616332343262363265393464666264373035316563353933363233663166393137623537666164
66336438363434346234363361363731393664393432643531336136363930613837373737323234
36343231623936313862386662653433623065333866646264336131313362303664633833333832
66373432393836313965303236353662376436633834623231393731383030656464313263313033
34366236363366386137383764356133326136396361323264323862356634396330326663386266
34613461623136653262373464326262333539333734663166323639666536633264623630363630
34393366323837643638666466643133636636346230623834396661353033663134353363373734
61613833333461323333653831343935636331376632646663643736613534633533373238663936
34393761373436333538356636616465616462393166316530653931616235363834366131666139
38393837643838306639343765326537393033303865343263373961383766623961333636376539
33353031313463633062626534316238613566376165396165326231363630646664383062303635
33363961323462313633366134623866383934343031333463633664623338303436373138383034
30646532616635616166383233616433386536646566373739626630636463633833616538366136
33303030313966333866323839343465363932333932346433653631663161633033623432386635
39366633613763316537366637326235363133333234306639613436326230303362663135643266
38663732383737623163656239303561666463623934633531626365323532363632633136663262
38633865386138306265323333333536663831336162623835353863333236383039343934616365
63323237323339373661363935623165633337353731643066633062353730626230316438313931
61336664343739656364376437386364626465366236303239386263326536643934343462373666
66383238313631316433363866356234343964666361366231303630643463373565656435313564
33616539613862653531326334303562373034646433333564306664326564656639666537313766
34643739343463363662363433316465323733333734356362616434363636626163386638343533
34306565366462656535383639666433353162663263353164613339303366343964366433386630
36363131326161353864313664393666373530333664393435366430666461353864313136303266
61393132333938323038316463623761343161343437363434303335313461303064373531313664
65363861393233613563646566316432303137373565643533633366363462616563393932636531
36633037386337653436326562366333323836663735363135346434346533393437396235323661
35303261616266623238383530633137636365353737396130396534363163616361383939623935
66303037653263363439653266643835396565663066393039393364623531313431613966306663
37663632663963353533633263646333656230613463336462303162613264386232636363383030
31316265353530373962326666646635373633383861393264386436343534613634376636633431
64656335313530653966323633383733346237323732613238643438643631343963356361633338
63653332663632643562366439326536393538376265343335376464373862376463346137353563
61303534393861323631313238663432616230653865366266353266626535303032306266636664
39393130383737653536393962636235303534306138373133316438303037373362666661326630
30313861333632626130636535336662393466306265613337366138363365396134333531616138
32366433336238663836616136626439313261313036383937313664313538353562303333393465
66613436633464303132353239393139383464326531653037366135616134353730306634363935
38336337396662336639353132393064666530373038356465363330376163383638393730346430
37343737366139613761356134333733666231646631653339366133393362363833633661666234
65333739396636663032356261343930653665653735303733353162373039396434326663313832
33333537643131333265323965383236396134623335656435303135636230363537363866636138
39643934373963323664613538656462333033366264646436623439316166616333616331376431
38323266323034393264373334383237643266663636356633373030663135333966353434636264
37323536393335656530313066653762663334343531323966323034616631353763626538656231
61306234323437613237303033366534333764336362343939353536306464306464643137643765
36393066306661663364376636393464393630656230393931393665383135356164343739623934
66343333353437303435636261656138636638326138336262663432623865633964336132373531
35623339346265356264323266616265343064303062613464636432346138316130653664656365
37386537626663306361313538643132383631643365383034376566343363663636333466373966
65356566643032376431613938393735633938363234383931376531326435623662623364363462
65396461646463636539643362373033623562623134346139643231353037666238666337633530
37663038366634656366323162313636393036633733633261633935646638303432356434313837
32356132333363633062386166656361346537353330633064393335663761313035313738323236
66393834353932366435626639316130336661633432336637346637383933323532626566366438
66353338626635336636316239393231336662613262626462656630653533613534636131313465
36373339643866653264313030333431376661636663313862616161663636643666303334323866
34613965366261623134303863656166313164346565353261343164313165376161393363613465
63366163336636393930363335323132316364653531313266303564333535633439386366613036
30306335636338386336626363363034313233613364343263666565343333323166363031343363
31316131393332303438666230653666313765326434623837386238323831323735343831613632
30376234313763333633343637376339346539396431383363316266623666333133316634613735
30333165623734666136343061306433653934333435323235333531646334353438633861373737
39336639343332646364373264326332663864333332386130653364306236383161643437636237
35396164313832386531353832396530613338343363373661323934303938666437386137343135
32303732386233353136623735386164663532353732356165366563646166346661313761363363
38646134383533613233623335316331613836343539633331366131333938616331623866303065
38373737353263386263636336343563333565326535383637653830633161373238653037613938
34646232383931366266643633353731636363313731393730376564353862366233393030633730
63326439316263313237303531626337366531626330656565663965633534313832343639366130
33653062616166396437383332656239353961653731383332633165356661623138303230663933
64366137333634343466323765376231343462643739303835336661646136353466386563343231
31656337363963666538663634616266353737376339313630663463626662663033306239663961
66383436373339386339373761383664663663306635353038643762643465386136326435323934
33333535653133343231316563656561316131626334376265633137623031633663643831346162
32323232623862356563613665353832393537363637313232663162323635663462653637626433
36316535636562663134353537383934396466383832373433636439343161336366346439636131
31616235316166666531633839646163656137343834333036656537646466333234633534356636
64383434643766663039393366616231316132613437623862323833623565613663363139303765
65323832303538313761393665343630366634363065326236353537393732666635663537633536
36396230383762393839663331356661333836396562623263666139633964376434663135343863
34303538393566626661633564333639363062316466616139633832303663306137656636383934
38646662663164363765316432353632346339333438316333623333383634373733363631343131
39633633333161613536616665316235396437353732643036633565303466343630633230313564
37363263313936393834613930376365373133386531346433386564393665316437663337356236
65376130663836616437363964616337303265666162333766343965356164623730613932653135
61373061656539333963643033396365666433306337313635386361613135303234616361623564
34613362386338633666353337353263346561663934376463346662626236313937383335303333
33383033376339613666613637653063396534623964336365633164306666306130343431333665
39633134393631663233653261323636366335313132376366393266376530613032393334393636
35376133303965636232646339336662316365316265366338303236663131666336373465616262
66353637356638343537613636626535623661336234633233366438363762363061333934623732
36646234643634373332653636346431383935336137383564613366646136383563613137363031
30623062646335303762383335363862396362646662646663313530616432646431636630633933
66653330326631393766363334343962643731303134313064336633356337383565326531313930
39373736653465613730636561356532626363326232656238393533623536396464636664663763
35376635663561616365656435386161663165326462326232386631643261336262313939363861
63666230623838383132303132333735336131353565646430346264373130343037616335333536
66333532646438356433656364316534303762646365373238656139633063306166386535333863
32323334326337346536656664653239336165613134396562333862623261373665653736383236
34323436353035323334336566393664646238666231633239373964633065323038383061336262
62613631356262663035646566336363373638373436393764343663303832383263393339633964
39613133623439333137333735343635393132633435643531333430643362343761326537666564
63633134326663323737666530373264366563353434326261323634346466323165613236653265
39386538373036396666623436363561326539333564316563323833313965396235333864366637
38613133353431366538346263643130363035373266323631313366643830643032393430386662
64656534343366666663633230616535346436613165393262313362373837383733323330646665
66643763313133333136303335393833633436386136623436646130303763323432616261343136
33396433653235343862653130323265373833666239306565393263336330613837656162313538
37313839633433663037633666366631313262363665363535333263303038626539643437656335
36633436383761306531633333343638643435613363366135666565366632626636623731373538
31623662353831626531323937333830326333663632393530333766396436323833643563653763
34616330643163646563643137313034383535663064633564323863663066623964636463373933
37373239393337326662656536613365303233663332666633643139613762336135393661353934
37623364346464636236343661303136626466663738326233333366643138386535343731646430
34643431376432623364613332343465373330666564643339333266333532353263323962383933
38323536386336326330633037333266623136626131653066626637633739613534626665316234
62663830643731336331376463666263383861653966633863396330393936383165613365656437
35363464306532353162623862383231363462303661623037376135326339333765626561323735
36646335653033316162366665653831663039633635343931363732623139353433613439323632
65663032643230613531383035373036663437316331643336663332356662313730393032653031
63396365343563326363643161613861353539356339323261386630643434383335626531636563
35623662386565636430336430333162666363323130353230326164313935373437353866626566
64616137363036643430626539633533613233346335376332633830306431356161373638343337
36333136313165333333306261653331396366393333616463373133333532396539613861666362
65396234376533323063396631623937623537313131363335616632353235376465376336663838
66656136323737363035653432616133306632313233666665616536333761653630646633663539
39666431373436633737333164393263636563633963366465633365366631623436396630366563
37656134303764376663373638366563663639666361633532386132353938363333613438656532
61313564333764363136613436613136383364366532633435343336323033646636326364613331
61313661346338386436616232306361333538353338663863663337376438653061376135303066
62383363623331383166633831343534626666386564323733343264303436643765396535633135
66313739386264313632633466373830306465636235643334643666343838366366353434366137
31333338646630653361386137376565336565383366383336636231363336343463633835626661
61356463646231373332643932303435356266373364613835626438346264323133643465343438
66343435663838663130336337323636363530616533313536353663656336643533346162396263
66646237336133666637396338613334653965616138653130346666626466333938646662666563
61326363636264633333363431393139646265653536613930626565663262373765366330343761
38643133313461616461316636653337323333663637393435643233353432653264366165643064
32376532393630323830363239663833316139383736616139326334323736633136643833643439
31323065313633393230616665343163323165666532346363343633396461396135373738373664
31613636383935616233626231383631613631393863343666333366653038653533353135313438
36346634346361633033383034313264313430646439356436323331653165303437646636663263
38313530393665663535303835623265303166323336313665396562336535663736396262363636
31373639656163323461346338336133313531353233366337663435393138313335333862353134
63663564373165373433333262626233663365636633646464386631396433313438653864343233
62386237346534383463656463356634356635353038616333303262636339383438326537333930
39623638353363616630353365343861616637323934613033383931326634366338636539633638
37613636306634353833356537356134373135303066653965333032363062383365373362366638
64343436666361366137613238393133663830376539386136346234303263663165633061396335
33653639626131366132643539633435626565663934393138653266666235373539626137333566
30316531313439386132386666323162343165613337363430626562363539626162633061306664
61623763636532316532396632633934616438353862643436336634373430356630313866626436
61313966656561343835386262346635313235393739643163376331623339353264623435363234
38316234663064386662623866353935626136366162306334653963383865373131666665316235
34663431376565343930626230626162653832333638616261373731656664643031356663616237
32656635316531366462613031613336306661653830373130386462313562333765373234393430
62396464376338316162313537613630646534666533396135623263636238363835396662646361
34613066663063326430323066373430643831326661633766616632383865373564636661343364
62316535623834613262663434623539613037386163376336623431353032653232356533386331
37336532366361306239346164373033663662313965326332316437633035343330663264643030
64363563666162363634303032653166636562643061396564613539633061633931303836336635
36383363373462373136613134616637343333656134333065633865663861633566663438626136
38313162613833323939346239363363623762323238646638386231646534356333386432383135
38303237616231363866666632393536633666653038303164366438303462623735666463303433
34313364333163653033656231663964363361363933366333376234333262356634363332666337
34353935323466316362366530306338613035316335383635623063646537386563353263666563
61323865363239663538373336383836363063383139393830376330356463323366653134613964
61356638653339616564353630326632376136363563653132363262333136623234333332316333
66356261666535353537636366633461356562306562343431373334643064353330623936366561
32313261663865383933316264346130323234316436623030373139613661393133323262653066
31386334336236643332656462316531333838616134643134616236363233323761623661656539
33363435666532633466303661613366306336303234373865636562643838336633333164333436
39653130373536346161653264356637636431333631313363363866353365386631353334383633
39386338613864333236343836313939326334383539333764373230336635313136386432653661
34316333396162376464363835356634653738313839653963633365373133623765313365656130
62623630623338323664306662326161626436316438353865373136353965366532343961393364
34616265326439346631383232626337303266323630376364333530373630393166303830616133
36373237333335646639333966653264396530383138633730356133333263353235653332343032
39653338373433306334336336633130373137623734636363343564323939653031613666633630
66613739626138346639333661306233633835623937326366626561346630396432336466336238
30633665653962396261376235353735336136343863616561323231653861646331623238656134
34366634633537613365376637626432636231656166383630646539383136396431333064636533
32386466323365663232303439363062666338663761363765366235376633366430316332643135
39353230383064613066626232323639633635353336353763633635653661306338303032633833
62343232646434363164396532303837363864356433653136356332613966343861623734373233
38323239353638336233353362303233316533616439663863333136323635646630666562333038
66313236363963643366336233613366616165646261666363336363333363383034663432353933
38306635313634393062376137333339326638393336373735396164343731626633393361623834
30363038663066336335313330303837353333333034393139636537303164656263303935333661
61393161326636336135333863396631336462343261313666366638343935313438306535306230
62343234646438316166303366646663303536343636323837373864636130613261663065376166
66336233626236373862303266653663393733316538646230633864643833383033353666303736
32303039313064336331656534393834383463353262366562333262346666616538363464366236
39633839386661303537303761663734316434646138336138346537616134323339363432313230
33306138326364643839316237366465653463356165636163356631393636316530333064353630
61323233613763386537306261303837303738353664633066376465353064376237383962626566
66656465373536636130336130333730353839626636623038363838396136366439613365666432
39343230313264613834653534613034323232336430336661356238313033373731353836643164
33336266323730633636356333383262626535363034653461393337373739613934643730343038
32353265383538373437623937303161373837386464386233613938663663666335633866356532
65343036653538636263626363363065303565663766353837396364393036313664646436646162
39313738613635663963666132613165336338366262633437376532303761323764373632393366
38643161666630353663613932613736613966393863303335326437653166393563373737666335
37383036383931656366386533613436313139316662656365313561616334643736346365363334
36313337633861343866363432363465653831393063656665303964323139643964626261313964
35383736616337643164656566613838623331376466663937383261373537656230613933386438
35323463646537383062663763383838633139303837316264306361646535333863323936386235
32663535653430323339373334663265623463393737303265653731373861386462333864363263
34303639626633336538393930303830396464643162343834346230626263313834653636383261
64363137643532653765316161393531656166623832366630393535356639323064313162643061
33633839633636343435363064656638333662323761613564623335653430343863643533663461
65666339373438653661373231363637623031336435613330656433353739626238306162313539
31316235643335623537663638336561626435306261656132636431346537636234373638366237
35366637613064643664623130343333643862376662306666386335303731646266646565393962
31396434633465316439646265643963386466316166613636333966643839373837386564326265
38323133333434383033373465653965333630366338623763623663366433626633663361313763
65326132643562616138346330316263643332613738626633616137396265393563663330316136
66633732636535356635346536303464363164656334353366383132363034363331336133303033
37626666623430376265653163303363626637656138643730613437626337363536303338373034
35343563333965343239633538386134663534333863323261373865323034386532383937623436
62313062666434333432636238373463323731663838336237323133366239316238623461366363
31666431346661343238656664363631646463376364633765313438653161636162613431343233
38376135356333313462353137376366396261656239333830353463383632386635316463656532
35623333656261616332386466336439346361643930633866343766643830323132306432313630
62333431323766396537323163363739353264623862653736313639363238626539626339323139
64383936393237373864666436353531653934313865333637623133666466663063326637316332
34643437313739306136666563326665666266333935623738386132353034623233656564366261
32373830383661376338663565363766616434633861663562373264373563373738356434393639
34396332666636373532356630313037663563356161623563616237663933306231316563373762
61623339656437333865353937353965306632383062336636306135613537643265383338623861
36666332383237393434303263376538373765623338343962316535366661376463653562313534
30373835313433373330303634656333653931356366313162323963353361336239376264656239
33333166643464346365306463393566373163663138643666313239633136343838663437653430
30386634313531383665363631363431633033376536636331343939376231326233393932653434
64333363343932643030623037373133633739313833363363386662643035373238336138646236
37643937393562633763396263323763366638353537366466643261626330626430653665373230
35383530616437326438306562653838396536663637323735623334396263336139643337646431
35663031343066393435633864623732353836333864323735393665333139376237306632353630
36373437393339313238646332346366343263646335663432643530333735346132316231376463
65333561313462633762313233366437363834663463333434383566363661666435643639396337
34623534636136363139376337636564303635356237346365653335386165366563623933386661
33626530366163643532376333636162366137396533626664366332616565393835353165633162
66643563396335343539306666363835373032656431336330336635633439313631373738363764
36333163663139346432353336303532656233363864633464356339306331373936346333623931
35353433313730393465656438306439396134663639353431616162353832633539613766316565
30346635376338633930366466663632373362396664663739373264343061656635633534616566
30356139333336616530633030383564343063376637366636633531623464646530613962303837
64623633323863646630373864326565613361666533336538363637613563343936386461623834
35346631313139323134363862613134313261616333393361306636343266373932633939626435
37643630363864326361373938303238313561316262363632363364393930313062396234393163
34333266393533363864313164666561376337363530663239353664363730626538313331353039
64323939313363656336386666323231306635383833303430663934333163393231663766396334
30313139316365323466313930306232333133353738343739393063626536373630636139613161
34653730653361373535643636633166346363623939353062643863353832396534323866383837
30393061396464306439656639373461333463653766393065303562303333613937313463646664
31333766316338323631323564313666316438323633393537323235383264383564626237616363
32353463323762373030623230643636396536636437343761323734316237343861376462336438
62373866633738313366376361626361353234633933346239643838396436613461666533393038
64653935336464636362656538623761653239306566626537373633393366313938343361306332
37316137623035343031323631373737353135613063316266373433323935333230666630393037
35396439306266653462326630666431353263306630323433633033323738653831366564656538
38363038303037643032393333356238376137313535383665353965666664363563333862323939
39323036643035333763666635343239316530343739663664376336636266363532663239623836
37316337386665366265663765653962303533656530623131393933613637356331303162393234
31636563626166636464396433303562393137363161633366343661663036636535366131653163
62653734386136616465613736353633633432646133653035343135663031366366303863313335
34343232313838366132633062383236616235396439656661623565666437633563373266306136
38633565356138353733363264323662373830653539356235376138336534323061666465303037
33313232376337306631383737363163323563313861393065366562393533396335333436666166
32643265633563613466376432363166353766336532333139616434383933653038373430353831
30306435373139656139653730396531373831303732313937356263323134643935323265316265
30353032356366383037313863386133613666396266313061313864376564316663353132633436
65306131643363333363
